(title "X Velocity")
(labels "Position" "X Velocity")

((xy/key/label "line-6")
-0.1	0
-0.0999778	6.90671e-08
-0.0999499	1.55378e-07
-0.0999221	2.41689e-07
-0.0998943	3.27999e-07
-0.0998665	4.1431e-07
-0.0998387	5.00621e-07
-0.0998109	5.86934e-07
-0.0997831	6.73266e-07
-0.0997553	7.59576e-07
-0.0997275	8.45887e-07
-0.0996997	9.32198e-07
-0.0996719	1.01851e-06
-0.0996441	1.10482e-06
-0.0996163	1.19113e-06
-0.0995885	1.27745e-06
-0.0995607	1.36377e-06
-0.0995329	1.45009e-06
-0.0995051	1.5364e-06
-0.0994772	1.62271e-06
-0.0994494	1.70902e-06
-0.0994216	1.79533e-06
-0.0993938	1.88164e-06
-0.099366	1.96796e-06
-0.0993382	2.05428e-06
-0.0993104	2.14059e-06
-0.0992826	2.22691e-06
-0.0992548	2.31322e-06
-0.099227	2.39953e-06
-0.0991992	2.48584e-06
-0.0991714	2.57215e-06
-0.0991436	2.65847e-06
-0.0991158	2.74479e-06
-0.099088	2.8311e-06
-0.0990602	2.91741e-06
-0.0990324	3.00373e-06
-0.0990046	3.09004e-06
-0.0989768	3.17635e-06
-0.0989489	3.26266e-06
-0.0989211	3.34898e-06
-0.0988933	3.4353e-06
-0.0988655	3.52161e-06
-0.0988377	3.60792e-06
-0.0988099	3.69423e-06
-0.0987821	3.78054e-06
-0.0987543	3.86686e-06
-0.0987265	3.95317e-06
-0.0986987	4.03949e-06
-0.0986709	4.12581e-06
-0.0986431	4.21212e-06
-0.0986153	4.29843e-06
-0.0985875	4.38474e-06
-0.0985597	4.47105e-06
-0.0985319	4.55736e-06
-0.0985041	4.64368e-06
-0.0984763	4.73e-06
-0.0984484	4.81632e-06
-0.0984206	4.90263e-06
-0.0983928	4.98894e-06
-0.098365	5.07525e-06
-0.0983372	5.16156e-06
-0.0983094	5.24787e-06
-0.0982816	5.33418e-06
-0.0982538	5.42051e-06
-0.098226	5.50683e-06
-0.0981982	5.59314e-06
-0.0981704	5.67945e-06
-0.0981426	5.76576e-06
-0.0981148	5.85207e-06
-0.098087	5.93838e-06
-0.0980592	6.02469e-06
-0.0980314	6.11102e-06
-0.0980036	6.19734e-06
-0.0979798	6.27108e-06
-0.0979757	6.28339e-06
-0.0979479	6.36794e-06
-0.0979201	6.45249e-06
-0.0978923	6.53704e-06
-0.0978645	6.62159e-06
-0.0978367	6.70614e-06
-0.0978089	6.79071e-06
-0.0977811	6.87526e-06
-0.0977533	6.9598e-06
-0.0977255	7.04435e-06
-0.0976977	7.1289e-06
-0.0976699	7.21345e-06
-0.0976421	7.298e-06
-0.0976143	7.38255e-06
-0.0975865	7.46712e-06
-0.0975587	7.55167e-06
-0.0975309	7.63622e-06
-0.0975031	7.72077e-06
-0.0974753	7.80532e-06
-0.0974474	7.88987e-06
-0.0974196	7.97441e-06
-0.0973918	8.05897e-06
-0.097364	8.14353e-06
-0.0973362	8.22808e-06
-0.0973084	8.31263e-06
-0.0972806	8.39718e-06
-0.0972528	8.48173e-06
-0.097225	8.56628e-06
-0.0971972	8.65083e-06
-0.0971694	8.73538e-06
-0.0971416	8.81994e-06
-0.0971138	8.90449e-06
-0.097086	8.98904e-06
-0.0970582	9.07359e-06
-0.0970304	9.15814e-06
-0.0970026	9.24269e-06
-0.0969748	9.32723e-06
-0.0969469	9.41179e-06
-0.0969191	9.49635e-06
-0.0968913	9.5809e-06
-0.0968635	9.66545e-06
-0.0968357	9.75e-06
-0.0968079	9.83454e-06
-0.0967801	9.91909e-06
-0.0967523	1.00036e-05
-0.0967245	1.00882e-05
-0.0966967	1.01728e-05
-0.0966689	1.02573e-05
-0.0966411	1.03419e-05
-0.0966133	1.04264e-05
-0.0965855	1.05109e-05
-0.0965577	1.05955e-05
-0.0965299	1.068e-05
-0.0965021	1.07646e-05
-0.0964742	1.08492e-05
-0.0964464	1.09337e-05
-0.0964186	1.10182e-05
-0.0963908	1.11028e-05
-0.096363	1.11873e-05
-0.0963352	1.12719e-05
-0.0963074	1.13564e-05
-0.0962796	1.1441e-05
-0.0962518	1.15255e-05
-0.096224	1.16101e-05
-0.0961962	1.16946e-05
-0.0961684	1.17792e-05
-0.0961406	1.18637e-05
-0.0961128	1.19483e-05
-0.096085	1.20328e-05
-0.0960572	1.21174e-05
-0.0960294	1.22019e-05
-0.0960016	1.22864e-05
-0.0959738	1.2371e-05
-0.0959596	1.2414e-05
-0.0959459	1.24547e-05
-0.0959181	1.25374e-05
-0.0958903	1.26202e-05
-0.0958625	1.2703e-05
-0.0958347	1.27858e-05
-0.0958069	1.28686e-05
-0.0957791	1.29513e-05
-0.0957513	1.30341e-05
-0.0957235	1.31169e-05
-0.0956957	1.31997e-05
-0.0956679	1.32824e-05
-0.0956401	1.33652e-05
-0.0956123	1.3448e-05
-0.0955845	1.35308e-05
-0.0955567	1.36135e-05
-0.0955289	1.36963e-05
-0.0955011	1.37791e-05
-0.0954732	1.38618e-05
-0.0954454	1.39446e-05
-0.0954176	1.40273e-05
-0.0953898	1.41101e-05
-0.095362	1.41929e-05
-0.0953342	1.42756e-05
-0.0953064	1.43583e-05
-0.0952786	1.44411e-05
-0.0952508	1.45238e-05
-0.095223	1.46066e-05
-0.0951952	1.46893e-05
-0.0951674	1.4772e-05
-0.0951396	1.48548e-05
-0.0951118	1.49375e-05
-0.095084	1.50202e-05
-0.0950562	1.51029e-05
-0.0950284	1.51856e-05
-0.0950006	1.52683e-05
-0.0949727	1.5351e-05
-0.0949449	1.54337e-05
-0.0949171	1.55164e-05
-0.0948893	1.5599e-05
-0.0948615	1.56817e-05
-0.0948337	1.57644e-05
-0.0948059	1.5847e-05
-0.0947781	1.59297e-05
-0.0947503	1.60123e-05
-0.0947225	1.6095e-05
-0.0946947	1.61776e-05
-0.0946669	1.62602e-05
-0.0946391	1.63428e-05
-0.0946113	1.64254e-05
-0.0945835	1.65079e-05
-0.0945557	1.65904e-05
-0.0945279	1.66728e-05
-0.0945	1.67554e-05
-0.0944722	1.68319e-05
-0.0944444	1.69081e-05
)
